/*--------------------------------*- C++ -*----------------------------------*\
  =========                 |
  \\      /  F ield         | OpenFOAM: The Open Source CFD Toolbox
   \\    /   O peration     | Website:  https://openfoam.org
    \\  /    A nd           | Version:  dev
     \\/     M anipulation  |
\*---------------------------------------------------------------------------*/
FoamFile
{
    format      ascii;
    class       volScalarField;
    location    "0";
    object      yPlus;
}
// * * * * * * * * * * * * * * * * * * * * * * * * * * * * * * * * * * * * * //

dimensions      [];

internalField   uniform 0;

boundaryField
{
    inlet
    {
        type            calculated;
        value           nonuniform List<scalar> 
50
(
37.344627
113.83065
367.95495
367.95495
367.95495
367.95495
367.95495
367.95495
367.95495
367.95495
367.95495
367.95495
367.95495
367.95495
367.95495
367.95495
367.95495
367.95495
367.95495
367.95495
367.95495
367.95495
367.95495
367.95495
367.95495
367.95495
367.95495
367.95495
367.95495
367.95495
367.95495
367.95495
367.95495
367.95495
367.95495
24.210716
24.210716
24.210716
24.210716
24.210716
24.210716
24.210716
24.210716
24.210716
24.210716
24.210716
24.210716
24.210716
24.210716
24.210716
)
;
    }
    outlet
    {
        type            calculated;
        value           nonuniform List<scalar> 
50
(
37.344627
113.83065
367.95495
367.95495
367.95495
367.95495
367.95495
367.95495
367.95495
367.95495
367.95495
367.95495
367.95495
367.95495
367.95495
367.95495
367.95495
367.95495
367.95495
367.95495
367.95495
367.95495
367.95495
367.95495
367.95495
367.95495
367.95495
367.95495
367.95495
367.95495
367.95495
367.95495
367.95495
367.95495
367.95495
24.210716
24.210716
24.210716
24.210716
24.210716
24.210716
24.210716
24.210716
24.210716
24.210716
24.210716
24.210716
24.210716
24.210716
24.210716
)
;
    }
    bottom
    {
        type            calculated;
        value           nonuniform List<scalar> 
1000
(
37.344627
37.344627
37.344627
37.344627
37.344627
37.344627
37.344627
37.344627
37.344627
37.344627
37.344627
37.344627
37.344627
37.344627
37.344627
37.344627
37.344627
37.344627
37.344627
37.344627
37.344627
37.344627
37.344627
37.344627
37.344627
37.344627
37.344627
37.344627
37.344627
37.344627
37.344627
37.344627
37.344627
37.344627
37.344627
37.344627
37.344627
37.344627
37.344627
37.344627
37.344627
37.344627
37.344627
37.344627
37.344627
37.344627
37.344627
37.344627
37.344627
37.344627
37.344627
37.344627
37.344627
37.344627
37.344627
37.344627
37.344627
37.344627
37.344627
37.344627
37.344627
37.344627
37.344627
37.344627
37.344627
37.344627
37.344627
37.344627
37.344627
37.344627
37.344627
37.344627
37.344627
37.344627
37.344627
37.344627
37.344627
37.344627
37.344627
37.344627
37.344627
37.344627
37.344627
37.344627
37.344627
37.344627
37.344627
37.344627
37.344627
37.344627
37.344627
37.344627
37.344627
37.344627
37.344627
37.344627
37.344627
37.344627
37.344627
37.344627
37.344627
37.344627
37.344627
37.344627
37.344627
37.344627
37.344627
37.344627
37.344627
37.344627
37.344627
37.344627
37.344627
37.344627
37.344627
37.344627
37.344627
37.344627
37.344627
37.344627
37.344627
37.344627
37.344627
37.344627
37.344627
37.344627
37.344627
37.344627
37.344627
37.344627
37.344627
37.344627
37.344627
37.344627
37.344627
37.344627
37.344627
37.344627
37.344627
37.344627
37.344627
37.344627
37.344627
37.344627
37.344627
37.344627
37.344627
37.344627
37.344627
37.344627
37.344627
37.344627
37.344627
37.344627
37.344627
37.344627
37.344627
37.344627
37.344627
37.344627
37.344627
37.344627
37.344627
37.344627
37.344627
37.344627
37.344627
37.344627
37.344627
37.344627
37.344627
37.344627
37.344627
37.344627
37.344627
37.344627
37.344627
37.344627
37.344627
37.344627
37.344627
37.344627
37.344627
37.344627
37.344627
37.344627
37.344627
37.344627
37.344627
37.344627
37.344627
37.344627
37.344627
37.344627
37.344627
37.344627
37.344627
37.344627
37.344627
37.344627
37.344627
37.344627
37.344627
37.344627
37.344627
37.344627
37.344627
37.344627
37.344627
37.344627
37.344627
37.344627
37.344627
37.344627
37.344627
37.344627
37.344627
37.344627
37.344627
37.344627
37.344627
37.344627
37.344627
37.344627
37.344627
37.344627
37.344627
37.344627
37.344627
37.344627
37.344627
37.344627
37.344627
37.344627
37.344627
37.344627
37.344627
37.344627
37.344627
37.344627
37.344627
37.344627
37.344627
37.344627
37.344627
37.344627
37.344627
37.344627
37.344627
37.344627
37.344627
37.344627
37.344627
37.344627
37.344627
37.344627
37.344627
37.344627
37.344627
37.344627
37.344627
37.344627
37.344627
37.344627
37.344627
37.344627
37.344627
37.344627
37.344627
37.344627
37.344627
37.344627
37.344627
37.344627
37.344627
37.344627
37.344627
37.344627
37.344627
37.344627
37.344627
37.344627
37.344627
37.344627
37.344627
37.344627
37.344627
37.344627
37.344627
37.344627
37.344627
37.344627
37.344627
37.344627
37.344627
37.344627
37.344627
37.344627
37.344627
37.344627
37.344627
37.344627
37.344627
37.344627
37.344627
37.344627
37.344627
37.344627
37.344627
37.344627
37.344627
37.344627
37.344627
37.344627
37.344627
37.344627
37.344627
37.344627
37.344627
37.344627
37.344627
37.344627
37.344627
37.344627
37.344627
37.344627
37.344627
37.344627
37.344627
37.344627
37.344627
37.344627
37.344627
37.344627
37.344627
37.344627
37.344627
37.344627
37.344627
37.344627
37.344627
37.344627
37.344627
37.344627
37.344627
37.344627
37.344627
37.344627
37.344627
37.344627
37.344627
37.344627
37.344627
37.344627
37.344627
37.344627
37.344627
37.344627
37.344627
37.344627
37.344627
37.344627
37.344627
37.344627
37.344627
37.344627
37.344627
37.344627
37.344627
37.344627
37.344627
37.344627
37.344627
37.344627
37.344627
37.344627
37.344627
37.344627
37.344627
37.344627
37.344627
37.344627
37.344627
37.344627
37.344627
37.344627
37.344627
37.344627
37.344627
37.344627
37.344627
37.344627
37.344627
37.344627
37.344627
37.344627
37.344627
37.344627
37.344627
37.344627
37.344627
37.344627
37.344627
37.344627
37.344627
37.344627
37.344627
37.344627
37.344627
37.344627
37.344627
37.344627
37.344627
37.344627
37.344627
37.344627
37.344627
37.344627
37.344627
37.344627
37.344627
37.344627
37.344627
37.344627
37.344627
37.344627
37.344627
37.344627
37.344627
37.344627
37.344627
37.344627
37.344627
37.344627
37.344627
37.344627
37.344627
37.344627
37.344627
37.344627
37.344627
37.344627
37.344627
37.344627
37.344627
37.344627
37.344627
37.344627
37.344627
37.344627
37.344627
37.344627
37.344627
37.344627
37.344627
37.344627
37.344627
37.344627
37.344627
37.344627
37.344627
37.344627
37.344627
37.344627
37.344627
37.344627
37.344627
37.344627
37.344627
37.344627
37.344627
37.344627
37.344627
37.344627
37.344627
37.344627
37.344627
37.344627
37.344627
37.344627
37.344627
37.344627
37.344627
37.344627
37.344627
37.344627
37.344627
37.344627
37.344627
37.344627
37.344627
37.344627
37.344627
37.344627
37.344627
37.344627
37.344627
37.344627
37.344627
37.344627
37.344627
37.344627
37.344627
37.344627
37.344627
37.344627
37.344627
37.344627
37.344627
37.344627
37.344627
37.344627
37.344627
37.344627
37.344627
37.344627
37.344627
37.344627
37.344627
37.344627
37.344627
37.344627
37.344627
37.344627
37.344627
37.344627
37.344627
37.344627
37.344627
37.344627
37.344627
37.344627
37.344627
37.344627
37.344627
37.344627
37.344627
37.344627
37.344627
37.344627
37.344627
37.344627
37.344627
37.344627
37.344627
37.344627
37.344627
37.344627
37.344627
37.344627
37.344627
37.344627
37.344627
37.344627
37.344627
37.344627
37.344627
37.344627
37.344627
37.344627
37.344627
37.344627
37.344627
37.344627
37.344627
37.344627
37.344627
37.344627
37.344627
37.344627
37.344627
37.344627
37.344627
37.344627
37.344627
37.344627
37.344627
37.344627
37.344627
37.344627
37.344627
37.344627
37.344627
37.344627
37.344627
37.344627
37.344627
37.344627
37.344627
37.344627
37.344627
37.344627
37.344627
37.344627
37.344627
37.344627
37.344627
37.344627
37.344627
37.344627
37.344627
37.344627
37.344627
37.344627
37.344627
37.344627
37.344627
37.344627
37.344627
37.344627
37.344627
37.344627
37.344627
37.344627
37.344627
37.344627
37.344627
37.344627
37.344627
37.344627
37.344627
37.344627
37.344627
37.344627
37.344627
37.344627
37.344627
37.344627
37.344627
37.344627
37.344627
37.344627
37.344627
37.344627
37.344627
37.344627
37.344627
37.344627
37.344627
37.344627
37.344627
37.344627
37.344627
37.344627
37.344627
37.344627
37.344627
37.344627
37.344627
37.344627
37.344627
37.344627
37.344627
37.344627
37.344627
37.344627
37.344627
37.344627
37.344627
37.344627
37.344627
37.344627
37.344627
37.344627
37.344627
37.344627
37.344627
37.344627
37.344627
37.344627
37.344627
37.344627
37.344627
37.344627
37.344627
37.344627
37.344627
37.344627
37.344627
37.344627
37.344627
37.344627
37.344627
37.344627
37.344627
37.344627
37.344627
37.344627
37.344627
37.344627
37.344627
37.344627
37.344627
37.344627
37.344627
37.344627
37.344627
37.344627
37.344627
37.344627
37.344627
37.344627
37.344627
37.344627
37.344627
37.344627
37.344627
37.344627
37.344627
37.344627
37.344627
37.344627
37.344627
37.344627
37.344627
37.344627
37.344627
37.344627
37.344627
37.344627
37.344627
37.344627
37.344627
37.344627
37.344627
37.344627
37.344627
37.344627
37.344627
37.344627
37.344627
37.344627
37.344627
37.344627
37.344627
37.344627
37.344627
37.344627
37.344627
37.344627
37.344627
37.344627
37.344627
37.344627
37.344627
37.344627
37.344627
37.344627
37.344627
37.344627
37.344627
37.344627
37.344627
37.344627
37.344627
37.344627
37.344627
37.344627
37.344627
37.344627
37.344627
37.344627
37.344627
37.344627
37.344627
37.344627
37.344627
37.344627
37.344627
37.344627
37.344627
37.344627
37.344627
37.344627
37.344627
37.344627
37.344627
37.344627
37.344627
37.344627
37.344627
37.344627
37.344627
37.344627
37.344627
37.344627
37.344627
37.344627
37.344627
37.344627
37.344627
37.344627
37.344627
37.344627
37.344627
37.344627
37.344627
37.344627
37.344627
37.344627
37.344627
37.344627
37.344627
37.344627
37.344627
37.344627
37.344627
37.344627
37.344627
37.344627
37.344627
37.344627
37.344627
37.344627
37.344627
37.344627
37.344627
37.344627
37.344627
37.344627
37.344627
37.344627
37.344627
37.344627
37.344627
37.344627
37.344627
37.344627
37.344627
37.344627
37.344627
37.344627
37.344627
37.344627
37.344627
37.344627
37.344627
37.344627
37.344627
37.344627
37.344627
37.344627
37.344627
37.344627
37.344627
37.344627
37.344627
37.344627
37.344627
37.344627
37.344627
37.344627
37.344627
37.344627
37.344627
37.344627
37.344627
37.344627
37.344627
37.344627
37.344627
37.344627
37.344627
37.344627
37.344627
37.344627
37.344627
37.344627
37.344627
37.344627
37.344627
37.344627
37.344627
37.344627
37.344627
37.344627
37.344627
37.344627
37.344627
37.344627
37.344627
37.344627
37.344627
37.344627
37.344627
37.344627
37.344627
37.344627
37.344627
37.344627
37.344627
37.344627
37.344627
37.344627
37.344627
37.344627
37.344627
37.344627
37.344627
37.344627
37.344627
37.344627
37.344627
37.344627
37.344627
37.344627
37.344627
37.344627
37.344627
37.344627
37.344627
37.344627
37.344627
37.344627
37.344627
37.344627
37.344627
37.344627
37.344627
37.344627
37.344627
37.344627
37.344627
37.344627
37.344627
37.344627
37.344627
37.344627
37.344627
37.344627
37.344627
37.344627
37.344627
37.344627
37.344627
37.344627
37.344627
37.344627
37.344627
37.344627
37.344627
37.344627
37.344627
37.344627
37.344627
37.344627
37.344627
37.344627
37.344627
37.344627
37.344627
37.344627
37.344627
37.344627
37.344627
37.344627
37.344627
37.344627
37.344627
37.344627
37.344627
37.344627
37.344627
37.344627
37.344627
37.344627
37.344627
37.344627
37.344627
37.344627
37.344627
37.344627
37.344627
37.344627
37.344627
37.344627
37.344627
37.344627
37.344627
37.344627
37.344627
37.344627
37.344627
37.344627
37.344627
37.344627
37.344627
37.344627
37.344627
37.344627
37.344627
37.344627
37.344627
37.344627
37.344627
37.344627
37.344627
37.344627
37.344627
37.344627
)
;
    }
    top
    {
        type            calculated;
        value           uniform 0;
    }
    frontAndBack
    {
        type            empty;
    }
}


// ************************************************************************* //
